image: /home/rbag/w_dir/ros_map/310A_VPS_tb3_trim.png
resolution: 0.02473

#origin: [-2.45843, -1.50859, 0.000000]
origin: [-1.50859, -2.45843, 0.000000]
negate: 0
occupied_thresh: 0.35
free_thresh: 0.44
